0.3349479195578399
0.27231474368240294
0.3315042276120161
0.41851177784445404
0.5200391143130038
0.4008841314333792
0.3268353929625234
0.352727856193368
0.569662594864516
0.5235518254095065
0.34454977282990046
0.4191478463879061
0.28633382287499937
0.3331044928801022
0.6707371277756905
0.21227185591084516
0.6495439620570371
0.4796500247456162
0.5943406750955391
0.2940518160948407
0.4060526538349368
0.3490014677784995
0.4032488185821858
0.21381450930772228
0.3469227812142431
0.2861802129904938
0.40282780779751237
0.35387136551871745
0.4966639770864363
0.3454084299016853
0.3674461574111081
0.3886771405430921
0.4941404070446898
0.9273790794579085
0.31383946506748706
0.23709182743174387
0.42736405181372206
0.2573384522994535
0.563961020477659
0.3344757028299783
0.2641714615377689
0.5240741355999096
0.45210256487063755
0.5688774914522534
0.36635265753418816
0.4439517322202723
0.29322399089483725
0.6491086590955251
0.35521084340026676
0.46352005003023167
0.38733706798717826
0.23471936192502812
0.30900175646656275
0.38415731277570997
0.45529346964220535
0.3672034813188952
0.5260272034721456
0.4197569085550897
0.4746985472398134
0.2622632551841999
0.5069182869827176
0.2634538833680087
0.4872788795449462
0.5488153660853303
0.5334285930944296
0.3672598285057859
0.41269794195272713
0.3433539629905006
0.5131098067665737
0.32643071009120644
0.3047117958709376
0.32950783846595466
0.3677033881449153
0.37553530937393614
0.40971400844257444
0.3846386090668304
0.5974943972090005
0.3910083960239815
0.4672101956719341
0.6485136313928885
0.413652246468469
0.5826342799980313
0.44317386909145984
0.5080279114528422
0.4367315876988036
0.3411124772463657
0.3435244749170031
0.5310754841627875
0.31341828597774624
0.2794405556069752
0.2893318490641637
0.24638020110847453
0.3178942842265253
0.38798806020288246
0.2978149465745142
0.699436163744245
0.36796212389139504
0.6418882677844107
0.5043991017393481
0.43347032733144064
0.2937609241963974
0.41757169051122467
0.33112629174376995
0.37409575649237514
0.4255573192397182
0.5605071020855824
0.5419591610997206
0.511343825406274
0.5366368919239208
0.3933311636627834
0.2870753555700934
0.7605262485214707
0.3436924411781048
0.4727674081907227
0.24320081861837636
0.29268706298032093
0.3117521878721888
0.309625107940367
0.22300079488868468
0.4374744599213936
0.3019699409600557
0.3751384388368622
0.33982874099045773
0.6276291903512531
0.2501470102732431
0.352339291479832
0.47101855670001147
0.36416319908571626
0.28429258607286795
0.3854537011341953
0.3760801969623447
0.42977108283964693
0.38998808658936984
0.650417900376987
0.31510975078689035
0.3668257926957496
0.44767980967152365
0.2785026451889948
0.3823908065354787
0.3269311366172381
0.3788188039224799
0.48180135315808564
0.3999276336657626
0.3289747062530732
0.5303060015580798
0.6733660684614583
0.563647728084089
0.35907294337853984
0.3535324733781493
0.3102224156870895
0.636076628796677
0.5632017329710123
0.4782862874359025
0.4500036268404472
0.585205989267902
0.6784015960377805
0.6110615712773328
0.41077815946360147
0.43773672292160254
0.7128047759901033
0.3714331054676079
0.31097172900718095
0.5201052156346726
0.31964952329905666
0.7522477943577649
0.6609893803915684
0.5396845890573272
0.7482161134046176
0.39485671671506345
0.44827056702156204
0.26664793235882
0.27163011828050243
0.3923279019604753
0.4203931059031583
0.40845787811147344
0.4637665292664645
0.3606695767646179
0.45601541337773593
0.4595422100793256
0.4005947940277802
0.5718854096339174
0.3663406094734018
0.3937510520761094
0.3621515881411376
0.27309198024821874
0.39253237986763995
0.3739606711398305
0.3780028854964151
0.42278580179723074
0.37514835087354875
0.4353787090943656
0.42594918819316685
0.6313415007116754
0.3413604234023136
0.42533251874306544
0.5144172678254239
0.899958163507584
0.4287912964344813
0.5335103660256342
0.39202101646884074
0.45321221062359124
0.8264063405088145
0.37581138504159406
0.3619343980257036
0.43258972835171666
0.5452696694490341
0.3044474299219955
0.5136009891590425
0.34926498691444585
0.4065073940596654
0.28628646543249703
0.41977855049324164
0.4210071965672387
0.3364907118084254
0.3531846211685653
0.42657105721942484
0.5300471553657407
0.6541079727595617
0.3958086119910528
0.3740454195628121
0.5110208713666642
0.5516437489293632
0.5227690397671582
0.525335848146952
0.4644387548026117
0.38298366596164823
0.5051436635269129
0.4991469579690595
0.4426770893318643
0.24134901828104308
0.2961064152365078
0.4838441710188301
0.27384769329342745
0.391204842532751
0.50764528182132
0.463006528847353
0.35898138984027
0.4136394725608296
0.4467894454498508
0.3462873374657315
0.4105790083464853
0.3651322984355912
0.5105445104909768
0.5444802840049425
0.484384954655952
0.6147573364959696
0.5310114651109107
0.4511892155280339
0.6016824657989328
0.5087467895521788
0.45587812100322855
0.48309286149691155
0.32651753038708414
0.7043058410163391
0.4309244107555179
0.5769184969030612
0.4858795354601434
0.24798128476330833
0.4686105482503434
0.5500393322602336
0.6340509426128226
0.43022964067244923
0.5639917611634002
0.49689188268439843
0.6236761458397663
0.36335453309205135
0.6264913042868946
0.5061669882718327
0.4241410245480286
0.4167767700025026
0.7941584724539271
0.6154416753193114
0.5189447777192729
0.516819763858496
0.6066864556021861
0.5140796301694301
0.5337788343964749
0.41293942553863516
0.4969104765718984
0.4217495055743777
0.24748528074086323
0.33982249056244224
0.36269722977079005
0.5516295335023432
0.3999344400632678
0.5054372895443039
0.5857592958970951
0.460639144747716
0.700574671793422
0.44235711638450687
0.5952085549340976
0.43661145338334095
0.3629815570088143
0.21623353085053673
0.28729490949833125
0.3542091448725905
0.7074715619547215
0.3131970775486515
0.7653555562124083
0.5442290033999274
0.5451147656141512
0.833180684930813
0.7023989939423921
0.4016612127832488
0.6561517042577223
0.5696090315619388
0.5329786982065317
0.4949659652813902
0.5715710742999984
0.2924605914245805
0.5711327431201952
0.4834600727572536
0.4624160598971284
0.7787416211869794
0.5143836310664626
0.716008209511479
0.5607581054483192
0.3679475479676172
0.39587803544309175
0.4861722720943327
0.4076506102520026
0.4901185008194486
0.37167967869502544
0.6037415824691628
0.7987949492778045
0.34306108197541535
0.48347541059952664
0.4849544222221611
0.27009463604362405
0.2539105100802506
0.4890733790372547
0.26762020430681466
0.4845851332856339
0.5664561708808266
0.4526970436991876
0.18666180045272274
0.19088872042676064
0.7454348165147123
0.4742933257478302
0.3176022122395843
0.3461732207831807
0.3668565666965907
0.3299831813153069
0.5587351873113432
0.3479395437642312
0.3036255829448817
0.5599466898044391
0.3189451390364368
0.31781035796667684
0.6475795126201
0.2967218212256554
0.40363269930222184
0.28814023213207224
0.7277161950553727
0.25015792252842206
0.27290255376919514
0.41800003673148406
0.3194805829835648
0.5550132577481163
0.6081137153884927
0.3184558461692772
0.38132052009903095
0.3612189324670062
0.5440624820284851
0.21377068637071067
0.4406243013820074
0.24325873224613564
0.4459817414936371
0.47434272327129795
0.40928922363817594
0.476772551773269
0.4375414483056588
0.43842328137578457
0.4858795354601434
0.2751977886802107
0.4252439833518246
0.4545019828541956
0.4729152303028047
0.38609958883010104
0.6298114453730417
0.24177967310496595
0.4462114038075981
0.29705806246120325
0.5116389226614448
0.234924213587138
0.36484404530012354
0.5147127945908917
0.4873881959164426
0.38355572987144365
0.6112713399673192
0.24466733935307786
0.39177302778162004
0.20264047908498312
0.48918234887462986
0.5954154512581769
0.23466118042251619
0.2816547130452365
0.3113533923411161
0.32981817792488943
0.45288412229040265
0.3513227103543544
0.3903078609522273
0.4781113697889502
0.33351866176447936
0.3381921308532991
0.4940667407194891
0.39105100246490243
0.3915651928774136
0.49644454563458246
0.6269429461199888
0.3154448314744913
0.22492020955583586
0.367689612977534
0.412281952331213
0.5262441075714548
0.3585230667010212
0.23147323309885343
0.3691559834004435
0.31022177641557136
0.2834952728650843
0.3036255829448817
0.3606932361753643
0.3723400444525982
0.422497512797668
0.2632891777684994
0.44672270815800436
0.3501618867979912
0.2686171623263063
0.2850005542824023
0.42722064405979376
0.3040327950536855
0.5300949637791504
0.38967357196845054
0.3784151410526736
0.2446160385499712
0.396822121371932
0.3627644766880234
0.24859713514387213
0.3268353929625234
0.39243195979567036
0.5458099633935231
0.3530777757017847
0.24654920975820355
0.42647394280931045
0.27671902682585275
0.4745934929161584
0.3799570043744045
0.4737335015945294
0.2706561460101309
0.25988991395363154
0.4325947177461269
0.2835333502846697
0.4478579517599284
0.2739777074768449
0.3973256425382534
0.45445446320909505
0.393424964441795
0.5024244477754267
0.3005693761802499
0.37227741029651296
0.4270815027501942
0.35521084340026676
0.3398789624794727
0.5002713493766003
0.2969164651461353
0.3466655166353512
0.31551727931972334
0.3373382416896153
0.32879277546124075
0.5982092066333458
0.3220481119761662
0.23353948776572148
0.2790818297864289
0.2667173777841248
0.4057145930580659
0.45529346964220535
0.4098260513832698
0.44114155145624667
0.2248936178499427
0.7242372382480553
0.3245644575387799
0.2847607183524163
0.2806199398499757
0.5355922204035027
0.29619740901941105
0.29027543102649217
0.33562314327949344
0.2076622200666551
0.4033426680688339
0.37974922477111345
0.40646453471299215
0.5329403411869409
0.32464607707269927
0.46973981419521443
0.46370578759830705
0.4568959345547998
0.4027553474632592
0.48081948881536274
0.23877263783663719
0.22993761409656477
0.6851780081412278
0.5941196555954625
0.2507234087229986
0.25676644322234365
0.44195206769443895
0.28825943127149756
0.29905054687178234
0.2358809642218482
0.24166673718895482
0.30461746052608524
0.4769836992291994
0.3735619110291836
0.5334285930944296
0.41448885031208704
0.25874919441000027
0.3672598285057859
0.20778378552305185
0.23125316187205305
0.30320959152498733
0.41396988237859866
0.24225876708394567
0.4721259099904464
0.4809600142373811
0.4509590533568574
0.4331903082844627
0.4872724077131661
0.3932938191499643
0.3360439683195636
0.3884201644159015
0.5140616600602764
0.703106567465965
0.36647906433107613
0.33029022814796943
0.33000031225703313
0.2385767414580552
0.2299533985389484
0.2479218218556794
0.36609732674190293
0.4842146222465238
0.3554376129136484
0.3064506768584045
0.4445174338925525
0.3898648211217181
0.3443419050171453
0.43176656001527636
0.31341828597774624
0.2824558052623314
0.41946578674248247
0.5178369264868188
0.36112534125994494
0.6171071703648059
0.3505413442048619
0.5427294405000687
0.39055114784808037
0.5003677875629226
0.33145394068993683
0.44372445707835967
0.5619297058511062
0.30472126123707616
0.5081823179010999
0.2598826841137672
0.442763315049767
0.2992466148422269
0.4826322932563526
0.3554801359991515
0.3500527874580744
0.44422516945816265
0.2949383567278694
0.43883696749609474
0.46652954825682125
0.2968897469686354
0.2914755440259541
0.36274296664584044
0.3171194169185001
0.2968041499034808
0.3687379575496536
0.2765112696890214
0.4385622546557337
0.4939967283906329
0.7281602838789129
0.5025730712093367
0.5183648923588189
0.3979388836102298
0.46917125739111104
0.2923644303018158
0.5017821665977753
0.6465051647632805
0.5231726240693934
0.3316351668752053
0.33886336803927203
0.36246637751617133
0.24695428364313227
0.3785177046617684
0.5621012416411054
0.28179174198563334
0.5489474833440452
0.2233191332220449
0.46778855607117975
0.41814822529729917
0.5559323866345
0.4313463332053702
0.4058310461495041
0.30973725849333894
0.2860281944449774
0.40185250992018867
0.25148645301386047
0.38880356686665324
0.25754252609969797
0.5335103660256342
0.5231569685090763
0.5134764301691395
0.5760340799385492
0.2558320767501296
0.23710166201715918
0.5789444166571375
0.3151150399285665
0.3430815634201856
0.4788943710987829
0.406006633143488
0.25966944177864887
0.6858797921561234
0.46004300390615754
0.4707800993208027
0.49151060323898327
0.3949849279645919
0.4845039685794412
0.25618920593438665
0.2860273025291882
0.33982249056244224
0.46258388859792937
0.3776669465885571
0.538129667568678
0.3656168234486115
0.44376255105007106
0.4624160598971284
0.4882079647145105
0.30150622270311594
0.3903078609522273
0.7987949492778045
0.5604607732842763
0.47486934430480515
0.28991887812150213
0.3915651928774136
0.6269429461199888
0.36815888678961844
0.5965009149351456
0.22153567407117264
0.3856286413259914
0.2834952728650843
0.461851626398061
0.2866137274692269
0.453255179611641
0.533594426935354
0.6040054866685172
0.4406243013820074
0.34380987062432256
0.24821608090537833
0.5458099633935231
0.5799368904082662
0.26547199073986827
0.569662594864516
0.7331585436820869
0.2865512292564807
0.3914238773271585
0.6235992490552903
0.26682254045440557
0.6879274289768447
0.46771725300953343
0.5200939987074698
0.27459581928512916
0.2521691773730359
0.2739777074768449
0.4757034799213057
0.4439911055397237
0.5082518777469006
0.49692736371167984
0.577906305176358
0.4872769526608089
0.2969164651461353
0.38059586211577523
0.4060526538349368
0.22018585161391174
0.6231749879774285
0.37931444453221547
0.39746473706473767
0.26975021104404273
0.4340491877460374
0.3255932227347216
0.542940452993528
0.28085542194202845
0.7240757522626879
0.30851574453527403
0.3278667201779891
0.44075333567980296
0.3550857945361268
0.3674461574111081
0.6352925100755956
0.4368606170120228
0.3886771405430921
0.3855265715053731
0.34431837040717206
0.4354107680624758
0.5169510976465946
0.2862343233716467
0.32226832295633695
0.4835709262874743
0.2579990817061662
0.3477791169735862
0.2707801518888822
0.31786933658645183
0.3949138580481582
0.21634148130261097
0.5698042522609509
0.3680341119732453
0.54876489434196
0.25728618669241554
0.3879562385296624
0.3433492329268919
0.5108815129272825
0.4471900907537799
0.5473907765902667
0.3254653003534468
0.19924837674170223
0.42570994204712204
0.4836987234308879
0.2233777361880078
0.4192053192334905
0.4259506979347795
0.4180328055264685
0.24689488422476322
0.5379348210531729
0.2856268654733676
0.2571437239739912
0.5337985421767493
0.41448885031208704
0.5564793627262803
0.5238520817772351
0.45161390264254014
0.2945899428434557
0.5211414746037687
0.2809109078199168
0.2659967129139018
0.28069996144542464
0.4021825654755039
0.5131098067665737
0.2869163689584677
0.36673459109588763
0.5385474727070796
0.44058596981108356
0.24958036823181393
0.3366271720720451
0.36259186591809456
0.324397446099518
0.3047117958709376
0.3549477553513934
0.4640944404139133
0.3976870332274842
0.405422620382513
0.46978658942351564
0.3846386090668304
0.3640645153076236
0.3393635726111385
0.34202137659419035
0.30807516587599443
0.22333548165763453
0.4760646290184778
0.4626582124383057
0.28436451185663
0.42480207682154636
0.41992984395597716
0.2294496677826649
0.33000031225703313
0.2993238952744977
0.38771889984278446
0.42655670627697323
0.2713539103753219
0.41725863692241627
0.44801189894295357
0.37182390571395624
0.347665062274107
0.4314051925975864
0.41317132211831964
0.31658756594305976
0.4944562975301217
0.4842146222465238
0.3519961865944677
0.4257719784058257
0.32199835351060113
0.42920660031393004
0.4291649415504783
0.5178369264868188
0.2978149465745142
0.6171071703648059
0.3154832378263313
0.38168794239315873
0.46293860057437464
0.3161541578645703
0.35669166249062245
0.44372445707835967
0.28424359360686874
0.3189676273716511
0.30880412458694545
0.35005850781156517
0.5832782632571245
0.3748715290900082
0.42443700172669024
0.3620319702304812
0.6175026434364108
0.4971550268517063
0.34039826974364334
0.7652482633382025
0.5667116562170541
0.2873178455453171
0.41135295494221347
0.4006571171492147
0.2503882712896297
0.5880716975751678
0.26641470862244215
0.7067736084772791
0.3638230487322583
0.6955156072023939
0.42102427989769137
0.263443474277237
0.2115310073093725
0.3598110055680367
0.48743465875028064
0.3538306452429177
0.42248350845455157
0.45301355519198494
0.3053023593288405
0.470400340690022
0.4838100871514637
0.2757173316248555
0.4297812929055441
0.327156161257961
0.25284401424590713
0.37243116540780175
0.3053448578791009
0.6908324659505268
0.3207695923039491
0.25869303587266046
0.4682524137365213
0.4790332838934057
0.25243054994846625
0.35265386611924304
0.4739932751687022
0.4229116358141303
0.5180515057152232
0.24080462217038515
0.2945424842895187
0.2839196594442756
0.3801534176819364
0.44375217225768837
0.32957784222524855
0.32011322512358603
0.2713831682633738
0.5974954756289069
0.34649970972214444
0.35160838482426465
0.4207583288425878
0.42106035972080835
0.33336535356219144
0.2495080653886754
0.399813675839675
0.35876733559262186
0.27163011828050243
0.3151819048578042
0.3544995095006882
0.36539749300532876
0.4005947940277802
0.46915306730261747
0.4272753906534765
0.31197963722239064
0.3553130670866986
0.6785148596565327
0.22994785519479233
0.6420172171526431
0.4225703175772294
0.4102825028331722
0.3710955348672576
0.35556390789884257
0.3450139382189473
0.6010056343737111
0.2860281944449774
1.0719039084154092
0.5431269199606535
0.579556308288933
0.35266629404026356
0.6418353891662673
0.4462300309796575
0.25000468163688716
0.3385599263334107
0.4347189992816937
0.46930237374590844
0.3039037740094552
0.2803038831497578
0.4429961101407697
0.5005927981152977
0.29837574525452615
0.3044474299219955
0.4065073940596654
0.37598248622444824
0.6379746963181463
0.3241398760624345
0.38376821447763604
0.42845324672262447
0.48813841242049233
0.2836027173034617
0.2557890502968167
0.37873085109007215
0.29190763171172734
0.325954462631252
0.5379220155720575
0.7762469937189787
0.4323872665305656
0.35838560485832355
0.2985368061937487
0.4145745895418503
0.6392920377967166
0.2770594877924521
0.4190629928981884
0.3588875055499587
0.4838441710188301
0.26776162101674283
0.27384769329342745
0.34033757634898126
0.4169728783637303
0.35898138984027
0.6187013613248494
0.3651322984355912
0.48309286149691155
0.33206874399202513
0.4707371450825022
0.24864719141166255
0.3020333596968229
0.29416724554616275
0.27557701020997416
0.25728618669241554
0.2812240888688664
0.4541365332154839
0.3408112418324992
0.4015949196517977
0.4259506979347795
0.2638290832635817
0.3893590288144199
0.5673504347208499
0.40281985071593246
0.32989449242852426
0.34984358136380567
0.27467425392860406
0.5435460593810444
0.34850680702953746
0.6101366661085801
0.42722334380537674
0.3273346115936917
0.2892069980089719
0.2656861392093444
0.46125846726003195
0.42250768180276677
0.27160373631306606
1.6037107589359982
0.3173830476234641
0.623336513834483
0.3835335012502659
0.41160720237670434
0.4071308999777497
0.4003599772481227
0.42966807424913683
0.22096042799702767
0.330866268927433
0.2554597024707696
0.29078497741561643
0.2677459224637195
0.48831771642611155
0.6146795279617748
0.27805990199096997
0.29783972115430013
0.2664443454000357
0.39218562689183195
0.3294080849375634
0.3250826297414262
0.3743268695286014
0.45938955902883555
0.2955171797643491
0.2945537176251998
0.3474147372578513
0.26895866586560907
0.3123181961621416
0.2433705992057377
0.4848277012542981
0.4458715996499345
0.29285039291392956
0.28702849211855685
0.39872711359611773
0.35014724161907795
0.33229827600235096
0.45602014070845803
0.4521140543712709
0.34901044085724936
0.3462487879689276
0.3179698358873547
0.3230312173810893
0.32470816585783585
0.3361009804304483
0.3817354416063146
0.336760956089221
0.263443474277237
0.3806607628642659
0.4945524081135111
0.3053023593288405
0.27950974328946243
0.25100479946029564
0.311066955258595
0.3814232637083242
0.37310513894146113
0.3845712094870145
0.25347945553211093
0.30223191460742
0.33149310091948503
0.3924039862304372
0.23595681353656517
0.6503467947715987
0.6630355191425317
0.37354452306890307
0.37055980156909346
0.3848759833035899
0.3103938277436943
0.4959604700913337
0.3250569002839665
0.3140471416486629
0.3347510579502704
0.3736814072980757
0.7147584464470647
0.2580265947390958
0.4516253954098629
0.6049102834361331
0.6459349560798323
0.3198310229199929
0.20725736821735538
0.399427573795819
0.39073262315545415
0.41077815946360147
0.3385001672386262
0.26481269501455523
0.3254843084309254
0.27184386156330964
0.43445023908800057
0.29134582912906987
0.35940961893520385
0.4017785593973413
0.3453060939689187
0.29715880530726596
0.7814663753346498
0.40045071412850025
0.5476770687526119
0.41598639372192936
0.30971229772249753
0.4357373345577588
0.3527305977426768
0.5489474833440452
0.31176700349564396
0.3891383660934708
0.3274924374675628
0.8438513632988647
0.28507625118243707
0.3213551320974639
0.44351197368550127
0.3022576226766146
0.42272454679581295
0.30767261717718075
0.36218775258644775
0.3281091917184157
0.3353680645116342
0.32809650563094966
0.40298627006827165
0.2731740035183536
0.4298851415543065
0.28468387736976325
0.4277589193346204
0.632124346502501
0.2991115356651705
0.4758365201997279
0.5259669516360864
0.32691827762685177
0.46616824435660326
0.30060850385721527
0.4998163803888242
0.27407007002451284
0.26431046423794463
0.46035798616365553
0.3327241607476837
0.4589221849286223
0.6774399097612464
0.32171027871265795
0.28590896311693365
0.2923975772840405
0.40185250992018867
0.5439552565094253
0.30127384227472725
0.31804551187966246
0.3860074406839408
0.3268092343597591
0.3039037740094552
0.3697104423449253
0.4884787891828098
0.28381578050885403
0.2951770350966066
0.3675622492019432
0.41530635252018383
0.38471376699582227
0.4779332507711826
0.2846587424097649
0.30095135504576914
0.2733516955269045
0.5049989326935801
0.5322573921344844
0.3955399613485591
0.3820480016293384
0.2758135526489549
0.2677070295228231
0.3319067216409491
0.2996685007887441
0.3559571581518885
0.37318155203033865
0.6173025102733316
0.4077247759814549
0.6828869693122093
0.4407130018460565
0.3915225121848669
0.4072663845835153
0.31568209611566417
0.3594397746093181
0.6626997219779532
0.6356185427035677
0.5064645353427539
0.4184219438476024
0.32784156999683534
0.3923771213071732
0.27624105332352616
0.4168887526931048
0.704428325503977
0.3448463105992954
0.3089522120374037
0.3173481051288309
0.590607590758809
0.4931115245230437
0.4252439833518246
0.3572220307860276
0.32113300611741963
0.35830022778845994
0.2073323790381829
0.38684997415519257
0.49151060323898327
0.33059765869727775
0.6206334468630127
0.35578517772191093
0.43022964067244923
0.3841608072412436
0.4231586025071311
0.37815253204618593
0.27702259175465754
0.3322155161249964
0.6231042990285667
0.3510664548761625
0.32969274255662423
0.6180441095134656
0.6826119383130126
0.3519245106872974
0.23129148898166849
0.3891199998858734
0.37976950623340333
0.4147274821547321
0.21623353085053673
0.7123684879898385
0.5442290033999274
0.3522862950169661
0.3277122094286354
0.4105106604315311
0.2867834778102816
0.2924605914245805
0.2600919177345831
0.5445702832478021
0.3737738190807654
0.30150622270311594
0.3513227103543544
0.5082122679559611
0.2994634523502536
0.3691229548256079
0.33969624365662543
0.33697434628891265
0.6223561894138887
0.41199953842832593
0.27009463604362405
0.44147590148419186
0.3425631590130309
0.3200265813574728
0.26762020430681466
0.6209822815212679
0.18666180045272274
0.3537067734545414
0.41644867991352696
0.8561442383984842
0.3461732207831807
0.25219948059359554
0.2545328308000927
0.2162060673267435
0.37535656920156296
0.2590835811664282
0.38433068944340404
0.46112574527999023
0.39451225461554773
0.3448686932959899
0.4275025336271643
0.24374842747745273
0.29652138556351443
0.2312884642861037
0.2115107206821998
0.45113417213646734
0.6165281834412504
0.22362889129676702
0.47820847075926004
0.21336961829872836
0.5736107193527336
0.48404708983486755
0.32313784743679475
0.2514104938056362
0.36242954016218737
0.3579511796905632
0.20295843331419272
0.2865512292564807
0.38074262422960636
0.26682254045440557
0.31786158007882653
0.3515199709283096
0.2521691773730359
0.2648579182140553
0.387448104154539
0.2712436309000542
0.2446548949981772
0.2903650114471622
0.2744358332309557
0.3246061115739674
0.241960986937392
0.4612287558937915
0.5781884338947203
0.23471936192502812
0.22018585161391174
0.32053054808135895
0.2366620963057801
0.8775931725226245
0.23071644350328432
0.29622561483047466
0.23675891479548491
0.35833904248417076
0.5233030441175086
0.2873023893088998
0.28085542194202845
0.5003858757962234
0.44075333567980296
0.4265430259268871
0.573061171041235
0.45147490110076366
0.5382398648788543
0.3905714721525587
0.4328974839250925
0.4688786510525126
0.3496883632407884
0.27557701020997416
0.3442303804958829
0.3169772772258415
0.2707801518888822
0.2796193565616996
0.26871958773460347
0.3701960110027674
0.26481692777706806
0.5184776329390821
0.21634148130261097
0.25728618669241554
0.38779762879282187
0.4170140621742869
0.25676644322234365
0.254984630091854
0.45210256487063755
0.19924837674170223
0.42570994204712204
0.18480896174365646
0.2778406694917862
0.2707900620623141
0.2324112669006467
0.2941795937118299
0.30932339568165235
0.25961897286337937
0.4314512524685944
0.2638290832635817
0.2384432803521989
0.5238520817772351
0.3029564147511868
0.21492025629457015
0.497963144122014
0.36996036665418786
0.29804270638490254
0.5064372215250401
0.4441909613526076
0.3549477553513934
0.24577888422565874
0.9489042427578507
0.46978658942351564
0.18974949068093636
0.3006464285446053
0.4552208196795547
0.3030233254294842
0.4628454985861958
0.30807516587599443
0.4626582124383057
0.3548628981233177
0.3022662435238253
0.7888086673150159
0.37651431060593915
0.33340025842858134
0.23904890898165193
0.41038143524424425
0.3814577005002709
0.4072960759470835
0.3098301780341688
0.2990187614834188
0.4722685871340883
0.2585878547471999
0.25805034868476245
0.5124335207728208
0.29457871740900166
0.2554597024707696
0.3983216266615398
0.27373209452043584
0.3774394321343977
0.22643480117464881
0.42920623296814586
0.2817712122251079
0.26185376691823997
0.45938955902883555
0.35445173417336184
0.3123181961621416
0.2789334582727798
0.3334781368395793
0.3948151620431439
0.2433705992057377
0.2568705592046768
0.3171230422571099
0.3219806481216898
0.2982462013899238
0.24632735672685305
0.4992627004190247
0.3632700689433282
0.27410948790258005
0.2555544658878002
0.3621534226055454
0.4986703109112118
0.24393785211972926
0.3462487879689276
0.5258404512413178
0.3638230487322583
0.4417617888483928
0.3893611204343768
0.32744302804619807
0.3361009804304483
0.2316659740020072
0.3411390370431257
0.2115310073093725
0.3598110055680367
0.3996766633471323
0.45366453453011807
0.35039276045820783
0.2842423866628343
0.5038571875897319
0.22231974868135979
0.4086283333567827
0.2594519780225629
0.5049174637266179
0.2765112696890214
0.33084395438600367
0.25347945553211093
0.37243116540780175
0.3467722273506639
0.3290929122573513
0.47629358084712997
0.3492951416150401
0.31056042136801537
0.38011278278472027
0.3191110228188343
0.4015307250211572
0.2887059400323213
0.37654831744686895
0.38907473499381773
0.3662929571394699
0.2992073487587741
0.33691429100819337
0.29231041619984155
0.24054328367494604
0.2754265421966193
0.20583268181639452
0.27184386156330964
0.41051818393988426
0.4363124633630881
0.39613153785029026
0.2712025122732422
0.26664793235882
0.23324487694511323
0.46898254496001945
0.23897162660149043
0.41138312283893813
0.5114998482320621
0.32615576765994053
0.5345699787755842
0.2727585785233753
0.2830931555642479
0.3249301300516131
0.45443111597187796
0.40298627006827165
0.30954207893015956
0.2367965953525763
0.28227550596317674
0.2689639158161907
0.3193055924454893
0.2178351286415074
0.3703738482741647
0.2749019844619237
0.22884842894591945
0.46035798616365553
0.3327241607476837
0.35266629404026356
0.2501423842596396
0.25258560162836347
0.46899805391946964
0.39122753843958874
0.49357477412403206
0.44893916358077657
0.3267267312626113
0.6111000341516346
0.29740389296147635
0.35530445453342574
0.5037826244304163
0.34991290461351476
0.30895380922505583
0.28381578050885403
0.29837574525452615
0.2846587424097649
0.28481818814621584
0.4450671220078527
0.2733516955269045
0.4237011065545772
0.37053634457028606
0.3241398760624345
0.3065562933664168
0.31283607602017277
0.2954176041435986
0.3143644272094122
0.6721716386352985
0.2558320767501296
0.2656770695496979
0.38028121368426016
0.2836027173034617
0.3319067216409491
0.2996685007887441
0.2900402747038852
0.2881991938463974
0.3758261846539137
0.5064645353427539
0.42530319833763974
0.9462959784630989
0.33697434628891265
0.2911806312768531
0.4841727380914396
0.8600140470446704
0.3495081533518951
0.3532444025084199
0.2654224603764668
0.3630342829690924
0.28633382287499937
0.38956354019119654
0.33519921544171916
0.40042594125632064
0.4580737069017475
0.387448104154539
0.41751025441678963
0.46365520251068404
0.5728405309142818
0.35511874658627907
0.3490014677784995
0.37947242160779143
0.3020333596968229
0.3565114106971904
0.3084712723199039
0.353624192714118
0.37443473548723244
0.3690984025193736
0.3254653003534468
0.3309350290334684
0.254984630091854
0.34240995244670724
0.5499315378331181
0.34076762592519827
0.3936620388197101
0.3212223218358885
0.4510746335042661
0.34336558214843776
0.5673504347208499
0.24958036823181393
0.36259186591809456
0.21851523125004846
0.5059466050003936
0.24577888422565874
0.4050352576240225
0.4254770593976715
0.3090035586884913
0.2656861392093444
0.5642459660153226
0.2713539103753219
0.27160373631306606
0.1740907574554814
0.43548179636852746
0.3630169530157986
0.3173830476234641
0.19460885044769113
0.3064506768584045
0.4506101031447091
0.24518672611539738
0.32199835351060113
0.42920660031393004
0.29457871740900166
0.4379969993443137
0.5393138294205241
0.4071607963377954
0.3526006610963626
0.3505413442048619
0.4488686044794527
0.4204850603036862
0.38168794239315873
0.5741281112169396
0.3492656881893154
0.5711946412894052
0.4448529459221475
0.3259839195265203
0.22643612531050428
0.5280876231881704
0.5369575491155031
0.32695239695869177
0.2970252660677637
0.41097342366682266
0.35005850781156517
0.49276417908045395
0.4584220350335889
0.3219806481216898
0.39217341582083665
0.390341130674285
0.7605262485214707
0.6142236358366284
0.41557857898231776
0.5506686742419601
0.5880716975751678
0.4823477731148842
0.36851474974789616
0.3184443604330791
0.334222241646638
0.4842751930617461
0.5223531877682903
0.4821319272644417
0.23436343524460407
0.32713223916638734
0.3475162881850738
0.33219094740457156
0.3163584611892881
0.46784736967982915
0.4303505186179142
0.42489120643576717
0.311066955258595
0.27266128627067987
0.34481379526333666
0.33084395438600367
0.37451696331284434
0.25284401424590713
0.3924039862304372
0.41466330978740024
0.47629358084712997
0.4961994992678471
0.5612485361544085
0.5025772068593701
0.3043257047063545
0.7202354410194044
0.3347510579502704
0.2827386258546782
0.4647133757915494
0.4942923463189665
0.35506334174088405
0.38223695034561495
0.43661309543540777
0.6866707806043431
0.6312761767118582
0.4222402196814253
0.3184443604330791
0.4162190000434891
0.42451798847114547
0.3321115744050012
0.2495080653886754
0.47041250620468755
0.5476770687526119
0.5033133243109414
0.4589480625700449
0.30508889242463005
0.3591302703162241
0.6753479612814235
0.28445618639737424
0.38435906896819216
0.36511480762270376
0.41159860141697335
0.5298333731466935
0.33323070712869574
0.4272753906534765
0.3059945565694698
0.3553130670866986
0.32809650563094966
0.34635852547180546
0.28227550596317674
0.43518413148123547
0.5259669516360864
0.4465894480826921
0.4218346151851822
0.2706468073697782
0.32182228182456646
0.401936734583087
0.46962344028242387
0.3957358212599941
0.32514353482207287
0.4125450818931417
0.28333346101722423
0.34142272456024214
0.3997558940123647
0.7816323206571436
0.27329924582386605
0.41530635252018383
0.5273352301940681
0.3726211556282105
0.4628167601657314
0.30568779670210094
0.2758135526489549
0.3908669428681908
0.37256967144769926
0.3836914885399333
0.4572623420819845
0.2500595548179905
0.3766738011141697
0.27485222972018525
0.48177750265179503
0.48529938662539984
0.5485903936165416
0.6673883045661947
0.5220111741640462
0.5820232593788102
0.5174621302989727
0.4169728783637303
0.5815595980822554
0.5087798531612959
0.40703767901007326
0.4172295343158702
0.5196062745983068
0.7113879037757488
0.5178337866491391
0.18314566606276464
0.3572220307860276
0.46004300390615754
0.24535283036291683
0.4845039685794412
0.4196085787529453
0.4882079647145105
0.2378104497370638
0.2675058971351511
0.3903078609522273
0.3319485676032287
0.3856286413259914
0.3585230667010212
0.23147323309885343
0.473091162421111
0.21071819186672502
0.6278438709464063
0.3832701526244575
0.4417271677939506
0.4008841314333792
0.6766523339616268
0.5550695381030757
0.2866137274692269
0.29388636207152113
0.26651859888666646
0.4841727380914396
0.39451225461554773
0.28174989158201896
0.3805730836686869
0.5004376891744592
0.9003305577414149
0.3530777757017847
0.31806119046561415
0.3630342829690924
0.20295843331419272
0.3914238773271585
0.5195342542168704
0.4350542360260153
0.4478579517599284
0.30758084351587817
0.4757034799213057
0.393424964441795
0.26344928311750504
0.4872769526608089
0.37839676688643686
0.3318241829102618
0.46300990211034554
0.6231749879774285
0.2550664230077352
0.4915434819449351
0.8775931725226245
0.38896530793307665
0.7651574973497998
0.28531932880522126
0.5538846395833477
0.2489447690846994
0.4966639770864363
0.3278667201779891
0.25320048755573715
0.40301814760425103
0.2652789504355016
0.4072472243700273
0.3578570308930418
0.6851780081412278
0.4994741052646245
0.4836987234308879
0.4015949196517977
0.2571437239739912
0.33243961542022277
0.39000307688661395
0.45161390264254014
0.26612134095194717
0.5385474727070796
0.2545639812528621
0.5562961787166597
0.4013375224523508
0.5059466050003936
0.4052015425247835
0.3201951988199625
0.35791819992136503
0.3006464285446053
0.22333548165763453
0.4760646290184778
0.2892069980089719
0.28436451185663
0.2294496677826649
0.33000031225703313
0.5262335312183156
0.42655670627697323
0.5470506499214102
0.36637905775288493
0.44364916133638516
0.41769047971125584
0.4948292009810868
0.6638049981329022
0.4738673206947217
0.6171071703648059
0.5003677875629226
0.4254026882019326
0.5711946412894052
0.4467602067496719
0.31229070278604554
0.5388780071056677
0.5463692304061919
0.6809490202553229
0.3219806481216898
0.6599056843407483
0.48695216358351295
0.43767931211771666
0.3742702125526757
0.7652482633382025
0.29380734854657553
0.685859566705625
0.41557857898231776
0.47728714654611537
0.36851474974789616
0.4144679164609572
0.34213753061222707
0.48871439635264635
0.334222241646638
0.48743465875028064
0.29762401880607214
0.3053023593288405
0.6678193135946358
0.2968041499034808
0.327156161257961
0.362300520016238
0.3708219189726422
0.3655642217893831
0.4682524137365213
0.3459157700129322
0.4790332838934057
0.38866615673644267
0.2827386258546782
0.36964483698047296
0.2839196594442756
0.32957784222524855
0.32597669869093504
0.46322897004701014
0.5974954756289069
0.46416053678028363
0.3955942750423076
0.399813675839675
0.46998250469979985
0.4567424357380563
0.4272753906534765
0.2740054442391808
0.38874432981597296
0.3249301300516131
0.2731740035183536
0.3835650588365009
0.4714043094130282
0.4028006350458721
0.5314554131141384
0.4998163803888242
0.25754868562186495
0.5248962805299415
0.4193582191339009
0.411842804939001
0.2803038831497578
0.6353684914921518
0.5005927981152977
0.7122864462967131
0.4503172548220063
0.42845324672262447
0.358437795024814
0.5399951867513406
0.4797578592860782
0.5761442781762165
0.5379220155720575
0.3057225083140619
0.44745056623030627
0.46553944379364903
0.585426710432483
0.3099602780076877
0.49276742844997695
0.6100005288229896
0.475547991509264
0.43889380592768285
0.5346225936150176
0.293031356248582
0.24177967310496595
0.4286181268318171
0.385101376829478
0.6444916476008172
0.4009275803364589
0.3277122094286354
0.44376255105007106
0.629498544861541
0.3679475479676172
0.28049301863762993
0.300115366824167
0.2675058971351511
0.2911421512503398
0.2599493079974522
0.378859817777637
0.36614565523909476
0.3299831813153069
0.5587351873113432
0.4016005243783596
0.3723400444525982
0.29388636207152113
0.4314336291463189
0.36936086109199956
0.3268353929625234
0.2950669635778288
0.39199537984374216
0.25140447237638164
0.3569098758268493
0.27022331449997644
0.28236386407861586
0.30562344803513675
0.3945640973238237
0.3049616225551555
0.29027543102649217
0.2942864168805481
0.3555600649937193
0.3949138580481582
0.4072472243700273
0.3976936710440101
0.42895818523007745
0.4188368358708723
0.28825943127149756
0.31388392034509655
0.30355391270053755
0.31524077380946924
0.32389233435113984
0.35593304492768063
0.4290360737372819
0.23941414949811432
0.307043780694789
0.4309296232079448
0.30850793483241273
0.3575273687927187
0.5134723214231176
0.29517011664685644
0.2993238952744977
0.36165351496513753
0.38942564383093015
0.4800513974290069
0.33066604526966
0.5355704085578218
0.3513770208332456
0.36609732674190293
0.358988160778932
0.41485103445512556
0.6165066000689898
0.3142971394438525
0.37235095889150094
0.37398453422698746
0.4030523193312651
0.5753813764893468
0.3161541578645703
0.9018869978660895
0.29185425690647815
0.35669166249062245
0.3294080849375634
0.37924266738750206
0.548249218079388
0.4159458457486522
0.5753324322354014
0.558041820856479
0.28942280323813413
0.32409547647726356
0.3915486153152097
0.3742702125526757
0.4956511724407204
0.425523119409244
0.29380734854657553
0.3500527874580744
0.3258645627079978
0.2876886157611141
0.24796174920369507
0.3193209922344862
0.4821099095489029
0.3527799104809502
0.3632805570842372
0.293397939268211
0.29517716907171965
0.3370862779518863
0.3655642217893831
0.87550147015004
0.2952674723629195
0.27201596671252704
0.32644780984545174
0.32239805160967616
0.39572215186668336
0.4317701820220257
0.39073262315545415
0.4613745961028613
0.7011682480633524
0.32376272776039017
0.399813675839675
0.3151819048578042
0.417087331260176
0.2559409656783696
0.4567424357380563
0.44349528156945145
0.36575211159201193
0.3393638330943822
0.36218775258644775
0.38063927751018584
0.31153712819109347
0.3614262671000187
0.4617698126721035
0.5519398243434769
0.2410386832575706
0.2884862714398258
0.4847548041422831
0.33024522523320243
0.41897115319676065
0.37939924640207584
0.3481989315542441
0.2551258452416183
0.4301718604710973
0.35212508575923385
0.46829105228592904
0.3206260663218519
0.3865328112222401
0.47724743837707895
0.3323607497914457
0.5621601804927645
0.5170887695480126
0.3621695180689687
0.318452557233586
0.3925894378729057
0.2772575403967223
0.5095409365129216
0.35298808803573145
0.363005712977472
0.48958659534312976
0.4150511386636849
0.27868562128429786
0.2486555141280749
0.314812939185445
0.5922893824103181
0.4912872143535211
0.3387116564363169
0.33442287917750185
0.2953662304333166
0.3641285766037255
0.26987331809062387
0.3588875055499587